7.834799907868728042e-05
1.411099947290495038e-04
2.529199991840869188e-04
4.492499865591526031e-04
7.863499922677874565e-04
1.347400015220046043e-03
2.244800096377730370e-03
3.616400063037872314e-03
5.615800153464078903e-03
8.403300307691097260e-03
1.214400026947259903e-02
1.701699942350387573e-02
2.321100048720836639e-02
3.091399930417537689e-02
4.027799889445304871e-02
5.137500166893005371e-02
6.418900191783905029e-02
7.863999903202056885e-02
9.463000297546386719e-02
1.120899990200996399e-01
1.309799998998641968e-01
1.512199938297271729e-01
1.718299984931945801e-01
1.794600039720535278e-01
1.743099987506866455e-01
1.690900027751922607e-01
1.638099998235702515e-01
1.584900021553039551e-01
1.530999988317489624e-01
1.475899964570999146e-01
1.419399976730346680e-01
1.361099928617477417e-01
1.300899982452392578e-01
1.238899976015090942e-01
1.174999997019767761e-01
1.109599992632865906e-01
1.043099984526634216e-01
9.759899973869323730e-02
9.092999994754791260e-02
8.440200239419937134e-02
7.810200005769729614e-02
7.208900153636932373e-02
6.638500094413757324e-02
6.097700074315071106e-02
5.584099888801574707e-02
5.095599964261054993e-02
4.632100090384483337e-02
4.194699972867965698e-02
3.784399852156639099e-02
3.401099890470504761e-02
3.042499907314777374e-02
2.703999914228916168e-02
2.380100078880786896e-02
2.064800076186656952e-02
1.753400079905986786e-02
1.442100014537572861e-02
1.128599978983402252e-02
8.115500211715698242e-03
4.901899956166744232e-03
1.641900045797228813e-03
