0.000000000000000000e+00
0.000000000000000000e+00
0.000000000000000000e+00
0.000000000000000000e+00
0.000000000000000000e+00
0.000000000000000000e+00
0.000000000000000000e+00
0.000000000000000000e+00
0.000000000000000000e+00
0.000000000000000000e+00
0.000000000000000000e+00
0.000000000000000000e+00
0.000000000000000000e+00
0.000000000000000000e+00
0.000000000000000000e+00
0.000000000000000000e+00
0.000000000000000000e+00
0.000000000000000000e+00
0.000000000000000000e+00
0.000000000000000000e+00
0.000000000000000000e+00
0.000000000000000000e+00
8.392300223931670189e-04
1.563300006091594696e-02
4.384399950504302979e-02
7.251500338315963745e-02
1.014500036835670471e-01
1.306300014257431030e-01
1.602199971675872803e-01
1.904200017452239990e-01
2.214400023221969604e-01
2.534199953079223633e-01
2.864199876785278320e-01
3.204500079154968262e-01
3.554500043392181396e-01
3.913300037384033203e-01
4.278500080108642578e-01
4.646399915218353271e-01
5.012199878692626953e-01
5.370299816131591797e-01
5.715900063514709473e-01
6.045699715614318848e-01
6.358600258827209473e-01
6.655200123786926270e-01
6.937000155448913574e-01
7.204899787902832031e-01
7.459099888801574707e-01
7.699099779129028320e-01
7.924200296401977539e-01
8.134400248527526855e-01
8.331099748611450195e-01
8.516799807548522949e-01
8.694499731063842773e-01
8.867400288581848145e-01
9.038199782371520996e-01
9.208999872207641602e-01
9.380900263786315918e-01
9.554799795150756836e-01
9.731100201606750488e-01
9.909899830818176270e-01
