3.545117187500000000e+04
1.405838989257812500e+03
1.093223999023437500e+03
8.717445068359375000e+02
2.814136505126953125e+00
2.258332729339599609e+00
9.996588230133056641e-01
9.908431172370910645e-01
9.908431172370910645e-01
9.908431172370910645e-01
9.908431172370910645e-01
6.779162597656250000e+02
1.000000000000000000e+00
1.000000000000000000e+00
1.000000000000000000e+00
1.000000015047466220e+30
1.000082850456237793e+00
3.545117187500000000e+04
1.405838989257812500e+03
1.093223999023437500e+03
8.717445068359375000e+02
9.996588230133056641e-01
1.000000000000000000e+00
1.000000000000000000e+00
