9.862366406250000000e+04
0.000000000000000000e+00
0.000000000000000000e+00
0.000000000000000000e+00
-2.468537306413054466e-03
-2.343037864193320274e-03
2.502756118774414062e-01
5.598008036613464355e-01
5.761703252792358398e-01
5.485053062438964844e-01
5.652567744255065918e-01
4.041081848144531250e+02
0.000000000000000000e+00
0.000000000000000000e+00
0.000000000000000000e+00
8.866354141647435983e+29
5.337042361497879028e-02
9.862366406250000000e+04
0.000000000000000000e+00
0.000000000000000000e+00
0.000000000000000000e+00
2.502756118774414062e-01
0.000000000000000000e+00
0.000000000000000000e+00
