1.000000000000000000e+07
1.000000000000000000e+07
1.000000000000000000e+07
1.000000000000000000e+07
1.000000000000000000e+07
1.000000000000000000e+07
1.000000000000000000e+07
1.000000000000000000e+07
1.000000000000000000e+07
1.000000000000000000e+07
1.000000000000000000e+07
1.000000000000000000e+07
1.000000000000000000e+07
1.000000000000000000e+07
1.000000000000000000e+07
1.000000000000000000e+07
1.000000000000000000e+07
1.000000000000000000e+07
1.000000000000000000e+07
1.000000000000000000e+07
1.000000000000000000e+07
1.000000000000000000e+07
1.000000000000000000e+07
1.000000000000000000e+07
1.000000000000000000e+07
1.000000000000000000e+07
2.410793500000000000e+06
3.462644750000000000e+06
1.594172250000000000e+06
3.280861250000000000e+05
1.547885468750000000e+05
1.187123750000000000e+05
1.042084218750000000e+05
9.580111718750000000e+04
8.961953125000000000e+04
8.370951562500000000e+04
7.884675781250000000e+04
7.462276562500000000e+04
7.055595312500000000e+04
6.643667187500000000e+04
6.179760937500000000e+04
5.692603906250000000e+04
5.183800781250000000e+04
4.635521875000000000e+04
4.087423437500000000e+04
3.619639453125000000e+04
3.293541015625000000e+04
3.129083203125000000e+04
3.090827343750000000e+04
3.138606640625000000e+04
3.260673437500000000e+04
3.463109375000000000e+04
3.784789062500000000e+04
4.287824218750000000e+04
5.056090234375000000e+04
6.129498437500000000e+04
7.291241406250000000e+04
8.099832031250000000e+04
8.837673437500000000e+04
1.354681406250000000e+05
