1.000000000000000000e+07
1.000000000000000000e+07
1.000000000000000000e+07
1.000000000000000000e+07
1.000000000000000000e+07
1.000000000000000000e+07
1.000000000000000000e+07
1.000000000000000000e+07
1.000000000000000000e+07
1.000000000000000000e+07
1.000000000000000000e+07
7.556905000000000000e+06
3.240294500000000000e+06
4.409304500000000000e+06
5.388912000000000000e+06
1.414189750000000000e+06
4.448470312500000000e+05
5.500366875000000000e+05
4.522194687500000000e+05
2.435450781250000000e+05
1.632641718750000000e+05
1.288508828125000000e+05
1.083921406250000000e+05
9.686865625000000000e+04
9.015439062500000000e+04
8.349867187500000000e+04
7.672052343750000000e+04
7.093779687500000000e+04
6.682103125000000000e+04
6.391646484375000000e+04
6.159741406250000000e+04
6.041796484375000000e+04
6.035964453125000000e+04
6.043076953125000000e+04
5.969693359375000000e+04
5.822294921875000000e+04
5.663710937500000000e+04
5.484445312500000000e+04
5.273580078125000000e+04
5.045012109375000000e+04
4.789500000000000000e+04
4.513495312500000000e+04
4.207552734375000000e+04
3.855791015625000000e+04
3.484347656250000000e+04
3.153788867187500000e+04
2.917971484375000000e+04
2.801606445312500000e+04
2.784486718750000000e+04
2.837706250000000000e+04
2.953222070312500000e+04
3.136065234375000000e+04
3.417461328125000000e+04
3.845269140625000000e+04
4.477729687500000000e+04
5.323852734375000000e+04
6.179774218750000000e+04
6.693983593750000000e+04
7.086757812500000000e+04
9.473363281250000000e+04
