1.000000000000000000e+07
1.000000000000000000e+07
1.000000000000000000e+07
1.000000000000000000e+07
1.000000000000000000e+07
1.000000000000000000e+07
1.000000000000000000e+07
1.000000000000000000e+07
1.000000000000000000e+07
1.000000000000000000e+07
1.000000000000000000e+07
7.556905000000000000e+06
3.240294500000000000e+06
4.409304500000000000e+06
5.388912000000000000e+06
1.414189750000000000e+06
4.448470312500000000e+05
5.500366875000000000e+05
4.522194687500000000e+05
2.435450781250000000e+05
1.632641718750000000e+05
1.288508828125000000e+05
1.083921406250000000e+05
9.686865625000000000e+04
9.015439062500000000e+04
8.349867187500000000e+04
7.672052343750000000e+04
7.093787500000000000e+04
6.685127343750000000e+04
6.457978515625000000e+04
6.498705859375000000e+04
6.896377343750000000e+04
7.549891406250000000e+04
8.274537500000000000e+04
8.962452343750000000e+04
9.637341406250000000e+04
1.023814296875000000e+05
1.028903359375000000e+05
9.684977343750000000e+04
9.272778125000000000e+04
9.132096875000000000e+04
9.124030468750000000e+04
9.144864843750000000e+04
9.168926562500000000e+04
9.183317968750000000e+04
9.194115625000000000e+04
9.214410156250000000e+04
9.262838281250000000e+04
9.351115625000000000e+04
9.480420312500000000e+04
9.634958593750000000e+04
9.817489843750000000e+04
1.003488125000000000e+05
1.027508671875000000e+05
1.050137109375000000e+05
1.067328359375000000e+05
1.075930000000000000e+05
1.080229140625000000e+05
1.096348515625000000e+05
1.122598515625000000e+05
